ImpedanceMeasurement 1kHz dc ac 100kHz dc ac

C1 1800 229 1800 2
C2 1800 53 1800 1
R1 140 57 140 61
R2 828 334 834 355
R3 296 120 300 130
L1 0 0 66 51 
L2 2 1 127 96

R1+C1 1800 217 1800 61
R2+C1 1800 350 1800 355
R3+C1 1800 224 1800 130
R1+C2 1800 76 1800 61
R2+C2 1800 330 1800 352
R3+C2 1800 130 1800 130

R1+L1 142 57 162 99
R2+L1 850 328 835 353
R3+L1 308 120 308 155
R1+L2 144 57 208 140
R2+L2 850 330 840 360
R3+L2 310 120 330 190

L1+C1 1800 222 1800 102
L2+C1 1800 225 1800 190
L1+C2 1800 52 1800 104
L2+c2 1800 51 1800 190

R1//C1 139 56 140 2 
R2//C1 840 193 836 2
R3//C1 300 106 300 2
R1//C2 140 38 140 1
R2//C2 835 53 835 1
R3//C2 300 49 300 1

R1//L1 1 0 33 25
R2//L1 1 0 65 49
R3//L1 1 0 51 40
R1//L2 2 1 38 29
R2//L2 2 1 114 86
R3//L2 2 1 70 53

C1//L1 2 0 2 0
C2//L1 2 0 2 0
C1//L2 3 1 4 1
C2//L2 3 1 3 0
